[print-page-setup]
PPDName=A4
DisplayName=A4
Width=210
Height=297
MarginTop=2.9633419460720485
MarginBottom=2.9633331987592908
MarginLeft=2.9633331987592908
MarginRight=2.9633419460720485
Orientation=landscape
